0 -0.6876545611220138 -0.4021342977451023 -0.5360107537933125 0.2862545975704418 -0.4599795204189126 0.2443307173500789
2 -1.4517307668254886 -5.293227321616009 -0.08116050935754204 -1.1745881630511699 0.21606759539557546 0.4606473095714364
3 1.6572182788688528 -1.0133173337617254 0.7524285144342806 0.011275129375690899 0.11493704073165954 -0.07893865705224147
5 -1.4517307668254886 -5.293227321616009 -0.08116050935754204 -1.1745881630511699 0.21606759539557546 0.4606473095714364
11 1.6572182788688528 -1.0133173337617254 0.7524285144342806 0.011275129375690899 0.11493704073165954 -0.07893865705224147
12 1.6572182788688528 -1.0133173337617254 0.7524285144342806 0.011275129375690899 0.11493704073165954 -0.07893865705224147
18 -3.746247142469382 -1.662483557411966 -3.312425689558797 0.022907207358834336 -2.1170255516976293 -0.14450430281237855
29 -1.4517307668254886 -5.293227321616009 -0.08116050935754204 -1.1745881630511699 0.21606759539557546 0.4606473095714364
34 -0.8082049005490491 -0.42991814174797954 -0.22296979904588796 -1.1237686411067707 0.295509869109913 0.12880250101888796
46 -1.5510843774609897 -2.6477613975974275 -1.5922440381233522 -1.232664787450108 -1.0546056328576452 -1.1353610763969508
50 -1.4517307668254886 -5.293227321616009 -0.08116050935754204 -1.1745881630511699 0.21606759539557546 0.4606473095714364
61 -0.8082049005490491 -0.42991814174797954 -0.22296979904588796 -1.1237686411067707 0.295509869109913 0.12880250101888796
65 -1.4517307668254886 -5.293227321616009 -0.08116050935754204 -1.1745881630511699 0.21606759539557546 0.4606473095714364
83 -1.340576017164229 1.0580699779335268 -0.6388631624926736 -0.08488712502533269 -0.1642694765808787 -0.3457009775330281
92 -1.4517307668254886 -5.293227321616009 -0.08116050935754204 -1.1745881630511699 0.21606759539557546 0.4606473095714364
93 -3.746247142469382 -1.662483557411966 -3.312425689558797 0.022907207358834336 -2.1170255516976293 -0.14450430281237855
105 -1.5510843774609897 -2.6477613975974275 -1.5922440381233522 -1.232664787450108 -1.0546056328576452 -1.1353610763969508
112 1.6572182788688528 -1.0133173337617254 0.7524285144342806 0.011275129375690899 0.11493704073165954 -0.07893865705224147
116 -0.0711905129219103 1.213602099788073 0.4801504958797263 0.4456584195420192 0.00788229844456595 0.33153021939507193
120 fail 
125 fail 
136 fail 
140 fail 
143 fail 
158 fail 
161 -1.690110203489348 -1.3784007931475335 -0.3012636534542131 -0.5849174679242912 0.4294174803557554 -0.4090389115164327
167 -1.340576017164229 1.0580699779335268 -0.6388631624926736 -0.08488712502533269 -0.1642694765808787 -0.3457009775330281
169 0.7736140613098476 1.029101187721227 -0.2863165396094196 -0.46101836829393994 -0.2828355022142217 -0.232424170225356
174 -1.049595367290835 -1.1464109125668 -0.3056244080875766 -0.061599755534442587 -0.6136078256084214 -0.20244987223024155
186 -0.1882732686934554 0.0782325118328866 0.7575465466251852 -1.072791201522616 0.7566292514433005 0.3660892678272659
193 1.364369882445508 -1.8213309708567096 0.8256832352946125 -1.4302918517610894 0.31515226919633493 0.01462924748402959
201 -1.340576017164229 1.0580699779335268 -0.6388631624926736 -0.08488712502533269 -0.1642694765808787 -0.3457009775330281
211 -1.340576017164229 1.0580699779335268 -0.6388631624926736 -0.08488712502533269 -0.1642694765808787 -0.3457009775330281
219 -1.5510843774609897 -2.6477613975974275 -1.5922440381233522 -1.232664787450108 -1.0546056328576452 -1.1353610763969508
223 2.410095705258284 0.7289005095538523 0.5507189210135017 0.235863259480549 -0.2214203400861434 0.006967876342855435
228 -0.183204945673607 -2.3587320248817494 -0.5046316976211341 -0.4177838890866144 -0.022740620605234962 0.2782417314789794
242 -0.183204945673607 -2.3587320248817494 -0.5046316976211341 -0.4177838890866144 -0.022740620605234962 0.2782417314789794
246 1.6572182788688528 -1.0133173337617254 0.7524285144342806 0.011275129375690899 0.11493704073165954 -0.07893865705224147
254 -4.82766846544384 4.64783839485989 -1.2816272598517935 0.7500789692311134 -0.26581360368886175 -0.6047811572240102
266 -1.049595367290835 -1.1464109125668 -0.3056244080875766 -0.061599755534442587 -0.6136078256084214 -0.20244987223024155
273 -0.183204945673607 -2.3587320248817494 -0.5046316976211341 -0.4177838890866144 -0.022740620605234962 0.2782417314789794
283 -1.5510843774609897 -2.6477613975974275 -1.5922440381233522 -1.232664787450108 -1.0546056328576452 -1.1353610763969508
285 -4.82766846544384 4.64783839485989 -1.2816272598517935 0.7500789692311134 -0.26581360368886175 -0.6047811572240102
302 -0.0711905129219103 1.213602099788073 0.4801504958797263 0.4456584195420192 0.00788229844456595 0.33153021939507193
308 -1.340576017164229 1.0580699779335268 -0.6388631624926736 -0.08488712502533269 -0.1642694765808787 -0.3457009775330281
328 2.276699509654874 -5.79797809704566 1.6392018259074892 -3.7471047870750076 0.41461381535445047 -1.4195239724922983
333 -1.049595367290835 -1.1464109125668 -0.3056244080875766 -0.061599755534442587 -0.6136078256084214 -0.20244987223024155
334 -0.8357515320424621 -1.0358099320986192 0.2332538756834057 0.5891622966780353 0.16868943530273833 0.4194253201545273
347 -1.5510843774609897 -2.6477613975974275 -1.5922440381233522 -1.232664787450108 -1.0546056328576452 -1.1353610763969508
360 -0.183204945673607 -2.3587320248817494 -0.5046316976211341 -0.4177838890866144 -0.022740620605234962 0.2782417314789794
366 -0.8573895092807157 0.291870628925004 -0.045487067595834874 -0.17504651378040084 -0.3274617599286696 0.10393774586551163
368 -4.82766846544384 4.64783839485989 -1.2816272598517935 0.7500789692311134 -0.26581360368886175 -0.6047811572240102
375 1.6572182788688528 -1.0133173337617254 0.7524285144342806 0.011275129375690899 0.11493704073165954 -0.07893865705224147
379 -1.913376659361737 -0.21740558742597113 -0.09721179149804514 -0.30824220792150836 0.004369621924669775 -0.2066240062355549
381 -3.746247142469382 -1.662483557411966 -3.312425689558797 0.022907207358834336 -2.1170255516976293 -0.14450430281237855
385 -1.049595367290835 -1.1464109125668 -0.3056244080875766 -0.061599755534442587 -0.6136078256084214 -0.20244987223024155
398 1.4356989997580698 -0.6152161384235555 1.1233984458551787 0.027796566322642824 1.2384155351688015 0.12393573958421165
411 -4.82766846544384 4.64783839485989 -1.2816272598517935 0.7500789692311134 -0.26581360368886175 -0.6047811572240102
437 -1.5510843774609897 -2.6477613975974275 -1.5922440381233522 -1.232664787450108 -1.0546056328576452 -1.1353610763969508
460 -1.4517307668254886 -5.293227321616009 -0.08116050935754204 -1.1745881630511699 0.21606759539557546 0.4606473095714364
461 -1.049595367290835 -1.1464109125668 -0.3056244080875766 -0.061599755534442587 -0.6136078256084214 -0.20244987223024155
468 -0.183204945673607 -2.3587320248817494 -0.5046316976211341 -0.4177838890866144 -0.022740620605234962 0.2782417314789794
471 3.2853926315713182 -0.5895417208520147 0.7493958082228253 0.42500140502201605 0.4676002664231359 0.2705357541869739
488 -1.5510843774609897 -2.6477613975974275 -1.5922440381233522 -1.232664787450108 -1.0546056328576452 -1.1353610763969508
495 0.14997130592818883 -1.4550285897945354 -2.9082516723028164 -0.6730241691145317 -2.2913348568148173 -0.4273338605958353
500 -4.82766846544384 4.64783839485989 -1.2816272598517935 0.7500789692311134 -0.26581360368886175 -0.6047811572240102
502 1.364369882445508 -1.8213309708567096 0.8256832352946125 -1.4302918517610894 0.31515226919633493 0.01462924748402959
506 -1.5510843774609897 -2.6477613975974275 -1.5922440381233522 -1.232664787450108 -1.0546056328576452 -1.1353610763969508
509 0.6999682657180796 0.12556727713382485 0.0857851858421539 0.02755797890713087 -0.3776441913335935 -0.16984164473990823
515 -1.5510843774609897 -2.6477613975974275 -1.5922440381233522 -1.232664787450108 -1.0546056328576452 -1.1353610763969508
517 0.384409385935687 -1.7479739376421726 -0.7744980911019304 -0.910422367741592 -0.5869669691512163 -0.34597535726087764
526 -1.913376659361737 -0.21740558742597113 -0.09721179149804514 -0.30824220792150836 0.004369621924669775 -0.2066240062355549
537 -0.324917654251097 0.26973105429207617 -0.0896937089458018 1.351276019078161 0.22167900676766386 1.5969619366180354
539 0.6425140163803409 -0.13011036884462635 1.2178139936356254 0.9243448077086667 1.7548327379718123 0.2202729290621053
571 -0.8357515320424621 -1.0358099320986192 0.2332538756834057 0.5891622966780353 0.16868943530273833 0.4194253201545273
606 -3.4921364066372536 1.9435970779882445 -0.9454503075583444 -0.3510632645769896 0.40261868319188776 0.5034449985439787
608 -1.4517307668254886 -5.293227321616009 -0.08116050935754204 -1.1745881630511699 0.21606759539557546 0.4606473095714364
614 -1.0621424213184445 -1.6067496675018302 0.7545250139594715 -0.33789648127822125 0.8003137540191559 -0.32962886405102815
616 -1.3873178845478016 -1.978418728825828 0.07971812932305382 -1.4267439614001274 0.04639288545214605 -1.0081289070062813
672 -1.5510843774609897 -2.6477613975974275 -1.5922440381233522 -1.232664787450108 -1.0546056328576452 -1.1353610763969508
678 3.98131349314098 -3.3638705721312037 0.7111188122931004 -0.3667743395487915 0.16790537995334348 -0.019398011784817242
725 -1.5510843774609897 -2.6477613975974275 -1.5922440381233522 -1.232664787450108 -1.0546056328576452 -1.1353610763969508
731 0.05977880485640244 1.999058387314242 -0.24272361388853525 -0.6772767766032385 -0.05411048305054557 -0.7908304952114926
742 -1.5510843774609897 -2.6477613975974275 -1.5922440381233522 -1.232664787450108 -1.0546056328576452 -1.1353610763969508
763 -1.5510843774609897 -2.6477613975974275 -1.5922440381233522 -1.232664787450108 -1.0546056328576452 -1.1353610763969508
765 -3.201355395911994 1.7465861330009187 -0.9038829408616172 -1.8111050904916912 0.1540821388794317 0.3511331282502185
792 1.364369882445508 -1.8213309708567096 0.8256832352946125 -1.4302918517610894 0.31515226919633493 0.01462924748402959
800 -3.4921364066372536 1.9435970779882445 -0.9454503075583444 -0.3510632645769896 0.40261868319188776 0.5034449985439787
803 -1.5510843774609897 -2.6477613975974275 -1.5922440381233522 -1.232664787450108 -1.0546056328576452 -1.1353610763969508
825 -1.5510843774609897 -2.6477613975974275 -1.5922440381233522 -1.232664787450108 -1.0546056328576452 -1.1353610763969508
849 -0.8422800847862991 -0.30946913500862056 -0.5796871119181265 -0.07729242643284605 0.1355181049357085 -0.4845556734757849
850 3.2853926315713182 -0.5895417208520147 0.7493958082228253 0.42500140502201605 0.4676002664231359 0.2705357541869739
852 -1.4517307668254886 -5.293227321616009 -0.08116050935754204 -1.1745881630511699 0.21606759539557546 0.4606473095714364
853 0.05977880485640244 1.999058387314242 -0.24272361388853525 -0.6772767766032385 -0.05411048305054557 -0.7908304952114926
864 3.2853926315713182 -0.5895417208520147 0.7493958082228253 0.42500140502201605 0.4676002664231359 0.2705357541869739
875 -1.5510843774609897 -2.6477613975974275 -1.5922440381233522 -1.232664787450108 -1.0546056328576452 -1.1353610763969508
880 -3.4921364066372536 1.9435970779882445 -0.9454503075583444 -0.3510632645769896 0.40261868319188776 0.5034449985439787
920 -1.4517307668254886 -5.293227321616009 -0.08116050935754204 -1.1745881630511699 0.21606759539557546 0.4606473095714364
963 2.0554649897862705 0.663385380370699 0.6896442415565834 -0.34660532376495423 -0.5288399939384202 -0.22300588819920117
1025 -1.5510843774609897 -2.6477613975974275 -1.5922440381233522 -1.232664787450108 -1.0546056328576452 -1.1353610763969508
1036 3.98131349314098 -3.3638705721312037 0.7111188122931004 -0.3667743395487915 0.16790537995334348 -0.019398011784817242
1040 4.604415659581253 5.531099616602691 1.2437009754520305 1.6142545151556311 0.7313455128906144 0.998562323242635
1046 -3.4921364066372536 1.9435970779882445 -0.9454503075583444 -0.3510632645769896 0.40261868319188776 0.5034449985439787
1067 -0.4969112073971729 -0.7696762152041029 -0.6081500956961907 -0.2496788522385629 -0.4461871669860405 -1.2472378527006367
1071 -0.0711905129219103 1.213602099788073 0.4801504958797263 0.4456584195420192 0.00788229844456595 0.33153021939507193
1090 -1.5510843774609897 -2.6477613975974275 -1.5922440381233522 -1.232664787450108 -1.0546056328576452 -1.1353610763969508
1093 1.6572182788688528 -1.0133173337617254 0.7524285144342806 0.011275129375690899 0.11493704073165954 -0.07893865705224147
1141 -1.913376659361737 -0.21740558742597113 -0.09721179149804514 -0.30824220792150836 0.004369621924669775 -0.2066240062355549
1142 1.8818229427715385 0.8392233585848401 0.5184706474794766 1.0329063175412494 0.8376788641561481 0.3528708289699169
1151 -3.201355395911994 1.7465861330009187 -0.9038829408616172 -1.8111050904916912 0.1540821388794317 0.3511331282502185
1161 -1.913376659361737 -0.21740558742597113 -0.09721179149804514 -0.30824220792150836 0.004369621924669775 -0.2066240062355549
1251 -0.0711905129219103 1.213602099788073 0.4801504958797263 0.4456584195420192 0.00788229844456595 0.33153021939507193
1257 -0.8422800847862991 -0.30946913500862056 -0.5796871119181265 -0.07729242643284605 0.1355181049357085 -0.4845556734757849
1264 -1.5510843774609897 -2.6477613975974275 -1.5922440381233522 -1.232664787450108 -1.0546056328576452 -1.1353610763969508
1277 3.04422678026958 -0.019147328474297492 1.0608989305219303 1.5347481871546391 1.0410156901154073 0.3761416587845475
1305 3.2853926315713182 -0.5895417208520147 0.7493958082228253 0.42500140502201605 0.4676002664231359 0.2705357541869739
1318 -1.5510843774609897 -2.6477613975974275 -1.5922440381233522 -1.232664787450108 -1.0546056328576452 -1.1353610763969508
1341 -1.5510843774609897 -2.6477613975974275 -1.5922440381233522 -1.232664787450108 -1.0546056328576452 -1.1353610763969508
1350 -2.9516433385378895 0.14835325046441206 0.12434647160058902 0.6827827971188941 -0.08961333770132361 0.47265491916904995
1402 -1.049595367290835 -1.1464109125668 -0.3056244080875766 -0.061599755534442587 -0.6136078256084214 -0.20244987223024155
1407 0.05977880485640244 1.999058387314242 -0.24272361388853525 -0.6772767766032385 -0.05411048305054557 -0.7908304952114926
1419 -1.1976576943233368 4.195158175090406 0.09858316505317906 0.3424213927042734 -0.13933474743599497 0.78181316013557
1433 -0.923319607986334 1.4846268792608646 0.15335612820003605 0.3446911064162881 0.5803111049751429 -0.2822546817278728
1448 -1.5510843774609897 -2.6477613975974275 -1.5922440381233522 -1.232664787450108 -1.0546056328576452 -1.1353610763969508
1461 -0.0711905129219103 1.213602099788073 0.4801504958797263 0.4456584195420192 0.00788229844456595 0.33153021939507193
1490 3.0080073847919464 2.5792510686774666 1.1521609236539678 0.07123233319643485 0.09269488708850429 -0.6675782419660065
1491 -0.7906884090812744 -1.932056568538542 -0.09419977888644963 -0.12768988521181038 0.16598774173710254 -0.44372078393674386
1493 -2.204191922861246 -2.1816414001320124 -0.26434036441898734 -0.8084939936364646 -0.14917657865704448 -0.38177158227399033
1498 -1.049595367290835 -1.1464109125668 -0.3056244080875766 -0.061599755534442587 -0.6136078256084214 -0.20244987223024155
1505 3.04422678026958 -0.019147328474297492 1.0608989305219303 1.5347481871546391 1.0410156901154073 0.3761416587845475
1506 -1.049595367290835 -1.1464109125668 -0.3056244080875766 -0.061599755534442587 -0.6136078256084214 -0.20244987223024155
1508 1.6572182788688528 -1.0133173337617254 0.7524285144342806 0.011275129375690899 0.11493704073165954 -0.07893865705224147
1516 0.8895248462192461 0.5893807809930727 -0.31949924538828844 0.6003126202135282 0.10433328726134516 -0.06989092555620327
1521 -3.4921364066372536 1.9435970779882445 -0.9454503075583444 -0.3510632645769896 0.40261868319188776 0.5034449985439787
1545 -2.204191922861246 -2.1816414001320124 -0.26434036441898734 -0.8084939936364646 -0.14917657865704448 -0.38177158227399033
1550 -1.338703151489587 -2.859327667849652 -0.46354215535399557 -0.5506184167616544 -0.11906969620211047 -0.1660930007472373
1563 1.306736613320469 -2.006731888293561 0.04959775634262679 -0.3024225734488629 0.09312263964119864 -0.16215600941014388
1579 0.05977880485640244 1.999058387314242 -0.24272361388853525 -0.6772767766032385 -0.05411048305054557 -0.7908304952114926
1604 -1.5510843774609897 -2.6477613975974275 -1.5922440381233522 -1.232664787450108 -1.0546056328576452 -1.1353610763969508
1618 -1.2599589962645992 -0.9438560460532771 0.23226395610785253 0.027565688227835856 0.5789355741112377 -0.07266208530552985
1620 -2.993512295718405 0.7383533789161909 -1.8292828095430007 0.13775886110226665 -0.9192438973729582 0.18260705584900494
1675 -1.913376659361737 -0.21740558742597113 -0.09721179149804514 -0.30824220792150836 0.004369621924669775 -0.2066240062355549
1685 0.7082050986841225 2.0629895925340698 0.8238470359828017 1.64260918312297 0.3825191519802048 0.8617792566468634
1689 -0.0711905129219103 1.213602099788073 0.4801504958797263 0.4456584195420192 0.00788229844456595 0.33153021939507193